
Table 3:  Inclusive Loop Time from -hprofile_generate

     Loop  |    Loop  |  Loop  |  Loop  |Function=/.LOOP[.] 
     Incl  |     Hit  | Trips  | Trips  | PE=HIDE 
     Time  |          |   Min  |   Max  |
    Total  |          |        |        |
|--------------------------------------------------------------
|  0.051166 |   288000 |      0 |      6 |boundary_.LOOP.1.li.23
|  0.043905 |   288000 |      0 |      6 |boundary_.LOOP.5.li.81
|  0.016307 |      500 |      0 |     16 |dtcon_.LOOP.1.li.22
|  0.015864 |     8000 |      0 |     16 |dtcon_.LOOP.2.li.24
|  0.010695 |   128000 |      0 |     64 |dtcon_.LOOP.3.li.27
|  0.200313 |   288000 |      0 |   1031 |evolve_.LOOP.1.li.25
|  0.130214 |   288000 |      0 |   1033 |evolve_.LOOP.2.li.36
|  0.338868 |   288000 |      0 |   1030 |evolve_.LOOP.4.li.70
|  0.185783 |   288000 |      0 |   1032 |flatten_.LOOP.1.li.29
|  0.077734 |   288000 |      0 |   1032 |flatten_.LOOP.2.li.49
|  0.245465 |   288000 |      0 |   1030 |flatten_.LOOP.3.li.56
|  0.054322 |    48000 |      0 |   1033 |forces_.LOOP.08.li.94
|  0.125200 |   768000 |      0 |     73 |forces_.LOOP.1.li.23
|  0.058705 |    48000 |      0 |   1033 |forces_.LOOP.4.li.53
|  0.000025 |        3 |      0 |   1024 |grid_.LOOP.1.li.199
|  0.000581 |        1 |      0 |     16 |init_.LOOP.1.li.113
|  0.000580 |       16 |      0 |     16 |init_.LOOP.2.li.114
|  0.000570 |      256 |      0 |     64 |init_.LOOP.3.li.115
|  0.000078 |        1 |      0 |     16 |init_.LOOP.6.li.153
|  0.000076 |       16 |      0 |     16 |init_.LOOP.7.li.154
|  0.000061 |      256 |      0 |     64 |init_.LOOP.8.li.155
|  0.465781 |  2592000 |      0 |   1035 |parabola_.LOOP.1.li.24
|  1.503023 |  2592000 |      0 |   1034 |parabola_.LOOP.2.li.30
|  0.478305 |  2592000 |      0 |   1034 |parabola_.LOOP.3.li.36
|  1.094964 |  2592000 |      0 |   1033 |parabola_.LOOP.4.li.44
|  0.792899 |  2592000 |      0 |   1032 |parabola_.LOOP.5.li.53
|  1.796424 |  2592000 |      0 |   1032 |parabola_.LOOP.6.li.67
|  1.377911 |  2592000 |      0 |   1032 |parabola_.LOOP.7.li.75
|  0.768880 |  2592000 |      0 |   1032 |parabola_.LOOP.8.li.84
|  0.463514 |   576000 |      0 |   1036 |paraset_.LOOP.1.li.117
|  0.309895 |   576000 |      0 |   1034 |paraset_.LOOP.2.li.129
|  0.239267 |   576000 |      0 |   1035 |paraset_.LOOP.3.li.139
|  0.000672 |        1 |      0 |     16 |prin_.LOOP.01.li.42
|  0.000671 |       16 |      0 |     16 |prin_.LOOP.02.li.43
|  0.000655 |      256 |      0 |     64 |prin_.LOOP.03.li.44
|  0.000000 |    0.016 |      0 |      4 |prin_.LOOP.04.li.73
|  0.000001 |    0.016 |      0 |      5 |prin_.LOOP.05.li.104
|  0.001654 |    0.016 |      0 |      5 |prin_.LOOP.06.li.125
|  0.000234 |    0.078 |      0 |     64 |prin_.LOOP.07.li.127
|  0.000234 |        5 |      0 |     16 |prin_.LOOP.08.li.128
|  0.000232 |       80 |      0 |     16 |prin_.LOOP.09.li.129
|  0.000105 |     1280 |      0 |     64 |prin_.LOOP.10.li.131
|  0.000000 |    0.016 |      0 |     16 |prin_.LOOP.11.li.146
|  0.067952 |   288000 |      0 |   1025 |remap_.LOOP.1.li.42
|  0.815105 |   288000 |      0 |   1025 |remap_.LOOP.7.li.83
|  0.335398 |   288000 |      0 |   1026 |remap_.LOOP.8.li.111
|  0.138237 |   288000 |      0 |   1024 |remap_.LOOP.9.li.125
|  0.505536 |   288000 |      0 |   1031 |riemann_.LOOP.1.li.44
|  5.479066 |   288000 |      0 |   1031 |riemann_.LOOP.2.li.63
|  3.082245 | 51168000 |      0 |     12 |riemann_.LOOP.3.li.64
|  0.157230 |   288000 |      0 |   1031 |riemann_.LOOP.4.li.83
|  0.190079 |   288000 |      0 |   1032 |states_.LOOP.1.li.50
|  0.362512 |   288000 |      0 |   1032 |states_.LOOP.2.li.64
| 50.373481 |      500 |      0 |     16 |sweepx1_.LOOP.1.li.34
| 50.372915 |     8000 |      0 |     16 |sweepx1_.LOOP.2.li.35
|  0.081403 |   128000 |      0 |     64 |sweepx1_.LOOP.3.li.38
|  0.187190 |   128000 |      0 |     64 |sweepx1_.LOOP.4.li.62
| 51.107386 |      500 |      0 |     16 |sweepx2_.LOOP.1.li.34
| 51.106820 |     8000 |      0 |     16 |sweepx2_.LOOP.2.li.35
|  0.590497 |   128000 |      0 |     64 |sweepx2_.LOOP.3.li.38
|  0.288179 |  8192000 |      0 |      1 |sweepx2_.LOOP.4.li.39
|  0.034515 |   128000 |      0 |     64 |sweepx2_.LOOP.5.li.50
|  0.059033 |   128000 |      0 |     64 |sweepx2_.LOOP.6.li.67
| 12.480442 |     1000 |      0 |     16 |sweepy_.LOOP.1.li.38
| 12.478967 |    16000 |      0 |      1 |sweepy_.LOOP.2.li.39
|  0.241937 |    16000 |      0 |     64 |sweepy_.LOOP.3.li.43
|  0.206333 |  1024000 |      0 |     16 |sweepy_.LOOP.4.li.44
|  0.067880 |    16000 |      0 |   1024 |sweepy_.LOOP.5.li.55
|  0.231852 |    16000 |      0 |   1024 |sweepy_.LOOP.7.li.89
|  0.169247 |      500 |      0 |     16 |sweepz_.LOOP.01.li.22
|  0.168780 |     8000 |      0 |     64 |sweepz_.LOOP.02.li.23
|  0.151711 |   512000 |      0 |      1 |sweepz_.LOOP.03.li.24
|  0.120440 |   512000 |      0 |     16 |sweepz_.LOOP.04.li.26
| 11.949236 |      500 |      0 |     16 |sweepz_.LOOP.05.li.54
| 11.948618 |     8000 |      0 |      1 |sweepz_.LOOP.06.li.55
|  0.122275 |     8000 |      0 |     64 |sweepz_.LOOP.07.li.62
|  0.103750 |   512000 |      0 |     16 |sweepz_.LOOP.08.li.63
|  0.032626 |     8000 |      0 |   1024 |sweepz_.LOOP.09.li.74
|  0.032228 |     8000 |      0 |   1024 |sweepz_.LOOP.10.li.90
|  0.100438 |     8000 |      0 |   1024 |sweepz_.LOOP.11.li.108
|  0.128509 |      500 |      0 |     16 |sweepz_.LOOP.12.li.123
|  0.128062 |     8000 |      0 |      1 |sweepz_.LOOP.13.li.124
|  0.127517 |     8000 |      0 |     64 |sweepz_.LOOP.14.li.125
|  0.110154 |   512000 |      0 |     16 |sweepz_.LOOP.15.li.127
